Analysis	Ft-sample	U (ppm)	Th (ppm)	Sm (ppm)	Rs(Ft) (um)	eU-sample	Ft-grain	Grains	U (ng)	Th (ng)	Sm (ng)	Mineral	Calibration	Geometry	Length (um)	Width1 (um)	Width2 (um)	Tip1 (um)	Tip2 (um)	volume (um3)	mass (ng)	density
BOL-1-1	0.748	 824.5	 824.5	   0.0	 47.95	1020.7	0.7266	 2	 5.2000	 5.2000	 0.0000	zircon	ketcham	tetragonal	163.0	 81.0	 59.0	 33.0	 34.0
BOL-1-2	0.741	 528.0	 528.0	   0.0	 46.53	 653.6	0.7303	 3	 5.0000	 5.0000	 0.0000	zircon	ketcham	tetragonal	158.0	 69.0	 69.0	 30.0	 26.0
BOL-2-1	0.769	 118.5	 118.5	   0.0	 52.21	 146.7	0.7719	 2	 1.0000	 1.0000	 0.0000	zircon	ketcham	tetragonal	195.0	 88.0	 76.0	 33.0	 33.0
BOL-2-2	0.740	  54.7	1093.3	   0.0	 48.54	 314.9	0.7182	 2	 0.4000	 8.0000	 0.0000	zircon	ketcham	tetragonal	190.0	 72.0	 71.0	 37.0	 34.0
SN22-3-1	0.850	  95.4	  95.4	   0.0	 80.89	 118.1	0.8505	 1	 1.5000	 1.5000	 0.0000	zircon	ketcham	tetragonal	270.0	135.0	130.0	 71.0	 45.0
SN14-1	0.877	  47.5	  47.5	   0.0	 98.45	  58.8	0.8770	 1	 1.5000	 1.5000	 0.0000	zircon	ketcham	tetragonal	381.0	184.0	134.0	 81.0	 77.0
SN14-2	0.892	  32.0	  32.0	   0.0	111.84	  39.6	0.8917	 1	 1.5000	 1.5000	 0.0000	zircon	ketcham	tetragonal	402.0	204.0	159.0	 71.0	 66.0
GAM203-1	0.860	 106.3	 106.3	   0.0	 86.17	 131.6	0.8596	 1	 1.5000	 1.5000	 0.0000	zircon	ketcham	ellipsoid	230.0	175.0	144.0	  0.0	  0.0
GAM203-2	0.843	 109.1	 109.1	   0.0	 77.14	 135.1	0.8433	 1	 1.5000	 1.5000	 0.0000	zircon	ketcham	tetragonal	237.0	136.0	121.0	 64.0	 22.0
GAM202-1	0.819	 141.0	 141.0	   0.0	 66.61	 174.5	0.8187	 1	 1.5000	 1.5000	 0.0000	zircon	ketcham	tetragonal	301.0	105.0	 96.0	 56.0	 55.0
GAM202-2	0.853	 106.6	 106.6	   0.0	 82.06	 131.9	0.8526	 1	 1.5000	 1.5000	 0.0000	zircon	ketcham	ellipsoid	281.0	148.0	139.0	  0.0	  0.0
SN04-1	0.846	  52.0	  52.0	   0.0	 78.51	  64.3	0.8460	 1	 1.5000	 1.5000	 0.0000	zircon	ketcham	tetragonal	606.0	113.0	107.0	 73.0	 66.0
SN04-2	0.821	 114.1	 114.1	   0.0	 67.62	 141.3	0.8214	 1	 1.5000	 1.5000	 0.0000	zircon	ketcham	tetragonal	365.0	105.0	 94.0	 77.0	 41.0
SN11-1	0.851	  82.5	  82.5	   0.0	 81.09	 102.2	0.8509	 1	 1.5000	 1.5000	 0.0000	zircon	ketcham	tetragonal	346.0	138.0	118.0	 88.0	 71.0
SN11-2	0.841	  34.5	  34.5	   0.0	 75.92	  42.7	0.8408	 1	 1.5000	 1.5000	 0.0000	zircon	ketcham	tetragonal	943.0	125.0	 88.0	 78.0	 60.0
FISH_CANYON	0.856	  73.6	  73.6	   0.0	 84.02	  91.1	0.8560	 1	 1.5000	 1.5000	 0.0000	zircon	ketcham	tetragonal	332.0	132.0	128.0	 68.0	 41.0
	 
Complete Grain Information
BOL-1-1	0.7481	 824.5	 824.5	   0.0	 43.87	1020.7	0.7266	 2	 5.2000	 5.2000	 0.0000	zircon	ketcham	tetragonal	163.0	 81.0	 59.0	 33.0	 34.0	  565515	2629.6	4.65
BOL-1-1					 50.86		0.7635	2					ketcham	tetragonal	149.0	100.0	 73.0	 35.0	 26.0
BOL-1-2	0.7407	 528.0	 528.0	   0.0	 44.49	 653.6	0.7303	 3	 5.0000	 5.0000	 0.0000	zircon	ketcham	tetragonal	158.0	 69.0	 69.0	 30.0	 26.0	  574494	2671.4	4.65
BOL-1-2					 43.28		0.7230	3					ketcham	tetragonal	195.0	 68.0	 60.0	 36.0	 27.0
BOL-1-2					 50.35		0.7611	3					ketcham	tetragonal	167.0	 86.0	 74.0	 28.0	 25.0
BOL-2-1	0.7694	 118.5	 118.5	   0.0	 52.77	 146.7	0.7719	 2	 1.0000	 1.0000	 0.0000	zircon	ketcham	tetragonal	195.0	 88.0	 76.0	 33.0	 33.0	 1009888	4696.0	4.65
BOL-2-1					 51.50		0.7664	2					ketcham	tetragonal	145.0	 90.0	 82.0	 27.0	 27.0
BOL-2-2	0.7396	  54.7	1093.3	   0.0	 47.18	 314.9	0.7182	 2	 0.4000	 8.0000	 0.0000	zircon	ketcham	tetragonal	190.0	 72.0	 71.0	 37.0	 34.0	  729312	3391.3	4.65
BOL-2-2					 49.72		0.7581	2					ketcham	tetragonal	185.0	 78.0	 75.0	 33.0	 28.0
SN22-3-1	0.8505	  95.4	  95.4	   0.0	 80.89	 118.1	0.8505	 1	 1.5000	 1.5000	 0.0000	zircon	ketcham	tetragonal	270.0	135.0	130.0	 71.0	 45.0	 3381300	15723.0	4.65
SN14-1	0.8770	  47.5	  47.5	   0.0	 98.45	  58.8	0.8770	 1	 1.5000	 1.5000	 0.0000	zircon	ketcham	tetragonal	381.0	184.0	134.0	 81.0	 77.0	 6796837	31605.3	4.65
SN14-2	0.8917	  32.0	  32.0	   0.0	111.84	  39.6	0.8917	 1	 1.5000	 1.5000	 0.0000	zircon	ketcham	tetragonal	402.0	204.0	159.0	 71.0	 66.0	10076784	46857.0	4.65
GAM203-1	0.8596	 106.3	 106.3	   0.0	 86.17	 131.6	0.8596	 1	 1.5000	 1.5000	 0.0000	zircon	ketcham	ellipsoid	230.0	175.0	144.0	  0.0	  0.0	 3034779	14111.7	4.65
GAM203-2	0.8433	 109.1	 109.1	   0.0	 77.14	 135.1	0.8433	 1	 1.5000	 1.5000	 0.0000	zircon	ketcham	tetragonal	237.0	136.0	121.0	 64.0	 22.0	 2956595	13748.2	4.65
GAM202-1	0.8187	 141.0	 141.0	   0.0	 66.61	 174.5	0.8187	 1	 1.5000	 1.5000	 0.0000	zircon	ketcham	tetragonal	301.0	105.0	 96.0	 56.0	 55.0	 2288160	10639.9	4.65
GAM202-2	0.8526	 106.6	 106.6	   0.0	 82.06	 131.9	0.8526	 1	 1.5000	 1.5000	 0.0000	zircon	ketcham	ellipsoid	281.0	148.0	139.0	  0.0	  0.0	 3026784	14074.5	4.65
SN04-1	0.8460	  52.0	  52.0	   0.0	 78.51	  64.3	0.8460	 1	 1.5000	 1.5000	 0.0000	zircon	ketcham	tetragonal	606.0	113.0	107.0	 73.0	 66.0	 6206713	28861.2	4.65
SN04-2	0.8214	 114.1	 114.1	   0.0	 67.62	 141.3	0.8214	 1	 1.5000	 1.5000	 0.0000	zircon	ketcham	tetragonal	365.0	105.0	 94.0	 77.0	 41.0	 2826110	13141.4	4.65
SN11-1	0.8509	  82.5	  82.5	   0.0	 81.09	 102.2	0.8509	 1	 1.5000	 1.5000	 0.0000	zircon	ketcham	tetragonal	346.0	138.0	118.0	 88.0	 71.0	 3908160	18172.9	4.65
SN11-2	0.8408	  34.5	  34.5	   0.0	 75.92	  42.7	0.8408	 1	 1.5000	 1.5000	 0.0000	zircon	ketcham	tetragonal	943.0	125.0	 88.0	 78.0	 60.0	 9361000	43528.7	4.65
FISH_CANYON	0.8560	  73.6	  73.6	   0.0	 84.02	  91.1	0.8560	 1	 1.5000	 1.5000	 0.0000	zircon	ketcham	tetragonal	332.0	132.0	128.0	 68.0	 41.0	 4381696	20374.9	4.65
